
=====Visting the 12.003906 KB array, loop 4096*1 times======
      1024	 250.000000
      1025	 488.000000
      1026	 246.000000
      1027	 250.000000
      1028	 246.000000
      1029	 250.000000
      1030	 246.000000
      1031	 250.000000
      1032	 244.000000
      1033	 488.000000
      1034	 246.000000
      1035	 250.000000
      1036	 246.000000
      1037	 250.000000
      1038	 246.000000
      1039	 250.000000
      1040	 244.000000
      1041	 488.000000
      1042	 246.000000
      1043	 250.000000
      1044	 246.000000
      1045	 250.000000
      1046	 246.000000
      1047	 250.000000
      1048	 244.000000
      1049	 488.000000
      1050	 246.000000
      1051	 250.000000
      1052	 246.000000
      1053	 250.000000
      1054	 246.000000
      1055	 250.000000
      1056	 244.000000
      1057	 250.000000
      1058	 246.000000
      1059	 250.000000
      1060	 246.000000
      1061	 250.000000
      1062	 246.000000
      1063	 250.000000
      1064	 244.000000
      1065	 250.000000
      1066	 246.000000
      1067	 250.000000
      1068	 246.000000
      1069	 250.000000
      1070	 246.000000
      1071	 250.000000
      1072	 244.000000
      1073	 250.000000
      1074	 246.000000
      1075	 250.000000
      1076	 246.000000
      1077	 250.000000
      1078	 246.000000
      1079	 250.000000
      1080	 244.000000
      1081	 250.000000
      1082	 246.000000
      1083	 250.000000
      1084	 246.000000
      1085	 250.000000
      1086	 246.000000
      1087	 250.000000
      1088	 244.000000
      1089	 250.000000
      1090	 246.000000
      1091	 250.000000
      1092	 246.000000
      1093	 250.000000
      1094	 246.000000
      1095	 250.000000
      1096	 244.000000
      1097	 250.000000
      1098	 246.000000
      1099	 250.000000
      1100	 246.000000
      1101	 250.000000
      1102	 246.000000
      1103	 250.000000
      1104	 244.000000
      1105	 250.000000
      1106	 246.000000
      1107	 250.000000
      1108	 246.000000
      1109	 250.000000
      1110	 246.000000
      1111	 250.000000
      1112	 244.000000
      1113	 250.000000
      1114	 246.000000
      1115	 250.000000
      1116	 246.000000
      1117	 250.000000
      1118	 246.000000
      1119	 250.000000
      1120	 244.000000
      1121	 250.000000
      1122	 246.000000
      1123	 250.000000
      1124	 246.000000
      1125	 250.000000
      1126	 246.000000
      1127	 250.000000
      1128	 244.000000
      1129	 250.000000
      1130	 246.000000
      1131	 250.000000
      1132	 246.000000
      1133	 250.000000
      1134	 246.000000
      1135	 250.000000
      1136	 244.000000
      1137	 250.000000
      1138	 246.000000
      1139	 250.000000
      1140	 246.000000
      1141	 250.000000
      1142	 246.000000
      1143	 250.000000
      1144	 244.000000
      1145	 250.000000
      1146	 246.000000
      1147	 250.000000
      1148	 246.000000
      1149	 250.000000
      1150	 246.000000
      1151	 250.000000
      1152	 244.000000
      1153	 486.000000
      1154	 246.000000
      1155	 250.000000
      1156	 246.000000
      1157	 250.000000
      1158	 246.000000
      1159	 250.000000
      1160	 244.000000
      1161	 486.000000
      1162	 246.000000
      1163	 250.000000
      1164	 246.000000
      1165	 250.000000
      1166	 246.000000
      1167	 250.000000
      1168	 244.000000
      1169	 486.000000
      1170	 246.000000
      1171	 250.000000
      1172	 246.000000
      1173	 250.000000
      1174	 246.000000
      1175	 250.000000
      1176	 244.000000
      1177	 486.000000
      1178	 246.000000
      1179	 250.000000
      1180	 246.000000
      1181	 250.000000
      1182	 246.000000
      1183	 250.000000
      1184	 244.000000
      1185	 250.000000
      1186	 246.000000
      1187	 250.000000
      1188	 246.000000
      1189	 250.000000
      1190	 246.000000
      1191	 250.000000
      1192	 244.000000
      1193	 250.000000
      1194	 246.000000
      1195	 250.000000
      1196	 246.000000
      1197	 250.000000
      1198	 246.000000
      1199	 250.000000
      1200	 244.000000
      1201	 250.000000
      1202	 246.000000
      1203	 250.000000
      1204	 246.000000
      1205	 250.000000
      1206	 246.000000
      1207	 250.000000
      1208	 244.000000
      1209	 250.000000
      1210	 246.000000
      1211	 250.000000
      1212	 246.000000
      1213	 250.000000
      1214	 246.000000
      1215	 250.000000
      1216	 244.000000
      1217	 250.000000
      1218	 246.000000
      1219	 250.000000
      1220	 246.000000
      1221	 250.000000
      1222	 246.000000
      1223	 250.000000
      1224	 244.000000
      1225	 250.000000
      1226	 246.000000
      1227	 250.000000
      1228	 246.000000
      1229	 250.000000
      1230	 246.000000
      1231	 250.000000
      1232	 244.000000
      1233	 250.000000
      1234	 246.000000
      1235	 250.000000
      1236	 246.000000
      1237	 250.000000
      1238	 246.000000
      1239	 250.000000
      1240	 244.000000
      1241	 250.000000
      1242	 246.000000
      1243	 250.000000
      1244	 246.000000
      1245	 250.000000
      1246	 246.000000
      1247	 250.000000
      1248	 244.000000
      1249	 250.000000
      1250	 246.000000
      1251	 250.000000
      1252	 246.000000
      1253	 250.000000
      1254	 246.000000
      1255	 250.000000
      1256	 244.000000
      1257	 250.000000
      1258	 246.000000
      1259	 250.000000
      1260	 246.000000
      1261	 250.000000
      1262	 246.000000
      1263	 250.000000
      1264	 244.000000
      1265	 250.000000
      1266	 246.000000
      1267	 250.000000
      1268	 246.000000
      1269	 250.000000
      1270	 246.000000
      1271	 250.000000
      1272	 244.000000
      1273	 250.000000
      1274	 246.000000
      1275	 250.000000
      1276	 246.000000
      1277	 250.000000
      1278	 246.000000
      1279	 250.000000
      1280	 244.000000
      1281	 478.000000
      1282	 246.000000
      1283	 250.000000
      1284	 246.000000
      1285	 250.000000
      1286	 246.000000
      1287	 250.000000
      1288	 244.000000
      1289	 480.000000
      1290	 246.000000
      1291	 250.000000
      1292	 246.000000
      1293	 250.000000
      1294	 246.000000
      1295	 250.000000
      1296	 244.000000
      1297	 478.000000
      1298	 246.000000
      1299	 250.000000
      1300	 246.000000
      1301	 250.000000
      1302	 246.000000
      1303	 250.000000
      1304	 244.000000
      1305	 478.000000
      1306	 246.000000
      1307	 250.000000
      1308	 246.000000
      1309	 250.000000
      1310	 246.000000
      1311	 250.000000
      1312	 244.000000
      1313	 250.000000
      1314	 246.000000
      1315	 250.000000
      1316	 246.000000
      1317	 250.000000
      1318	 246.000000
      1319	 250.000000
      1320	 244.000000
      1321	 250.000000
      1322	 246.000000
      1323	 250.000000
      1324	 246.000000
      1325	 250.000000
      1326	 246.000000
      1327	 250.000000
      1328	 244.000000
      1329	 250.000000
      1330	 246.000000
      1331	 250.000000
      1332	 246.000000
      1333	 250.000000
      1334	 246.000000
      1335	 250.000000
      1336	 244.000000
      1337	 250.000000
      1338	 246.000000
      1339	 250.000000
      1340	 246.000000
      1341	 250.000000
      1342	 246.000000
      1343	 250.000000
      1344	 244.000000
      1345	 250.000000
      1346	 246.000000
      1347	 250.000000
      1348	 246.000000
      1349	 250.000000
      1350	 246.000000
      1351	 250.000000
      1352	 244.000000
      1353	 250.000000
      1354	 246.000000
      1355	 250.000000
      1356	 246.000000
      1357	 250.000000
      1358	 246.000000
      1359	 250.000000
      1360	 244.000000
      1361	 250.000000
      1362	 246.000000
      1363	 250.000000
      1364	 246.000000
      1365	 250.000000
      1366	 246.000000
      1367	 250.000000
      1368	 244.000000
      1369	 250.000000
      1370	 246.000000
      1371	 250.000000
      1372	 246.000000
      1373	 250.000000
      1374	 246.000000
      1375	 250.000000
      1376	 244.000000
      1377	 250.000000
      1378	 246.000000
      1379	 250.000000
      1380	 246.000000
      1381	 250.000000
      1382	 246.000000
      1383	 250.000000
      1384	 244.000000
      1385	 250.000000
      1386	 246.000000
      1387	 250.000000
      1388	 246.000000
      1389	 250.000000
      1390	 246.000000
      1391	 250.000000
      1392	 244.000000
      1393	 250.000000
      1394	 246.000000
      1395	 250.000000
      1396	 246.000000
      1397	 250.000000
      1398	 246.000000
      1399	 250.000000
      1400	 244.000000
      1401	 250.000000
      1402	 246.000000
      1403	 250.000000
      1404	 246.000000
      1405	 250.000000
      1406	 246.000000
      1407	 250.000000
      1408	 244.000000
      1409	 484.000000
      1410	 246.000000
      1411	 250.000000
      1412	 246.000000
      1413	 250.000000
      1414	 246.000000
      1415	 250.000000
      1416	 244.000000
      1417	 484.000000
      1418	 246.000000
      1419	 250.000000
      1420	 246.000000
      1421	 250.000000
      1422	 246.000000
      1423	 250.000000
      1424	 244.000000
      1425	 482.000000
      1426	 246.000000
      1427	 250.000000
      1428	 246.000000
      1429	 250.000000
      1430	 246.000000
      1431	 250.000000
      1432	 244.000000
      1433	 484.000000
      1434	 246.000000
      1435	 250.000000
      1436	 246.000000
      1437	 250.000000
      1438	 246.000000
      1439	 250.000000
      1440	 244.000000
      1441	 250.000000
      1442	 246.000000
      1443	 250.000000
      1444	 246.000000
      1445	 250.000000
      1446	 246.000000
      1447	 250.000000
      1448	 244.000000
      1449	 250.000000
      1450	 246.000000
      1451	 250.000000
      1452	 246.000000
      1453	 250.000000
      1454	 246.000000
      1455	 250.000000
      1456	 244.000000
      1457	 250.000000
      1458	 246.000000
      1459	 250.000000
      1460	 246.000000
      1461	 250.000000
      1462	 246.000000
      1463	 250.000000
      1464	 244.000000
      1465	 250.000000
      1466	 246.000000
      1467	 250.000000
      1468	 246.000000
      1469	 250.000000
      1470	 246.000000
      1471	 250.000000
      1472	 244.000000
      1473	 250.000000
      1474	 246.000000
      1475	 250.000000
      1476	 246.000000
      1477	 250.000000
      1478	 246.000000
      1479	 250.000000
      1480	 244.000000
      1481	 250.000000
      1482	 246.000000
      1483	 250.000000
      1484	 246.000000
      1485	 250.000000
      1486	 246.000000
      1487	 250.000000
      1488	 244.000000
      1489	 250.000000
      1490	 246.000000
      1491	 250.000000
      1492	 246.000000
      1493	 250.000000
      1494	 246.000000
      1495	 250.000000
      1496	 244.000000
      1497	 250.000000
      1498	 246.000000
      1499	 250.000000
      1500	 246.000000
      1501	 250.000000
      1502	 246.000000
      1503	 250.000000
      1504	 244.000000
      1505	 250.000000
      1506	 246.000000
      1507	 250.000000
      1508	 246.000000
      1509	 250.000000
      1510	 246.000000
      1511	 250.000000
      1512	 244.000000
      1513	 250.000000
      1514	 246.000000
      1515	 250.000000
      1516	 246.000000
      1517	 250.000000
      1518	 246.000000
      1519	 250.000000
      1520	 244.000000
      1521	 250.000000
      1522	 246.000000
      1523	 250.000000
      1524	 246.000000
      1525	 250.000000
      1526	 246.000000
      1527	 250.000000
      1528	 244.000000
      1529	 250.000000
      1530	 246.000000
      1531	 250.000000
      1532	 246.000000
      1533	 250.000000
      1534	 246.000000
      1535	 250.000000
      1536	 244.000000
      1537	 486.000000
      1538	 246.000000
      1539	 250.000000
      1540	 246.000000
      1541	 250.000000
      1542	 246.000000
      1543	 250.000000
      1544	 244.000000
      1545	 486.000000
      1546	 246.000000
      1547	 250.000000
      1548	 246.000000
      1549	 250.000000
      1550	 246.000000
      1551	 250.000000
      1552	 244.000000
      1553	 486.000000
      1554	 246.000000
      1555	 250.000000
      1556	 246.000000
      1557	 250.000000
      1558	 246.000000
      1559	 250.000000
      1560	 244.000000
      1561	 486.000000
      1562	 246.000000
      1563	 250.000000
      1564	 246.000000
      1565	 250.000000
      1566	 246.000000
      1567	 250.000000
      1568	 244.000000
      1569	 250.000000
      1570	 246.000000
      1571	 250.000000
      1572	 246.000000
      1573	 250.000000
      1574	 246.000000
      1575	 250.000000
      1576	 244.000000
      1577	 250.000000
      1578	 246.000000
      1579	 250.000000
      1580	 246.000000
      1581	 250.000000
      1582	 246.000000
      1583	 250.000000
      1584	 244.000000
      1585	 250.000000
      1586	 246.000000
      1587	 250.000000
      1588	 246.000000
      1589	 250.000000
      1590	 246.000000
      1591	 250.000000
      1592	 244.000000
      1593	 250.000000
      1594	 246.000000
      1595	 250.000000
      1596	 246.000000
      1597	 250.000000
      1598	 246.000000
      1599	 250.000000
      1600	 244.000000
      1601	 250.000000
      1602	 246.000000
      1603	 250.000000
      1604	 246.000000
      1605	 250.000000
      1606	 246.000000
      1607	 250.000000
      1608	 244.000000
      1609	 250.000000
      1610	 246.000000
      1611	 250.000000
      1612	 246.000000
      1613	 250.000000
      1614	 246.000000
      1615	 250.000000
      1616	 244.000000
      1617	 250.000000
      1618	 246.000000
      1619	 250.000000
      1620	 246.000000
      1621	 250.000000
      1622	 246.000000
      1623	 250.000000
      1624	 244.000000
      1625	 250.000000
      1626	 246.000000
      1627	 250.000000
      1628	 246.000000
      1629	 250.000000
      1630	 246.000000
      1631	 250.000000
      1632	 244.000000
      1633	 250.000000
      1634	 246.000000
      1635	 250.000000
      1636	 246.000000
      1637	 250.000000
      1638	 246.000000
      1639	 250.000000
      1640	 244.000000
      1641	 250.000000
      1642	 246.000000
      1643	 250.000000
      1644	 246.000000
      1645	 250.000000
      1646	 246.000000
      1647	 250.000000
      1648	 244.000000
      1649	 250.000000
      1650	 246.000000
      1651	 250.000000
      1652	 246.000000
      1653	 250.000000
      1654	 246.000000
      1655	 250.000000
      1656	 244.000000
      1657	 250.000000
      1658	 246.000000
      1659	 250.000000
      1660	 246.000000
      1661	 250.000000
      1662	 246.000000
      1663	 250.000000
      1664	 244.000000
      1665	 478.000000
      1666	 246.000000
      1667	 250.000000
      1668	 246.000000
      1669	 250.000000
      1670	 246.000000
      1671	 250.000000
      1672	 244.000000
      1673	 480.000000
      1674	 246.000000
      1675	 250.000000
      1676	 246.000000
      1677	 250.000000
      1678	 246.000000
      1679	 250.000000
      1680	 244.000000
      1681	 478.000000
      1682	 246.000000
      1683	 250.000000
      1684	 246.000000
      1685	 250.000000
      1686	 246.000000
      1687	 250.000000
      1688	 244.000000
      1689	 478.000000
      1690	 246.000000
      1691	 250.000000
      1692	 246.000000
      1693	 250.000000
      1694	 246.000000
      1695	 250.000000
      1696	 244.000000
      1697	 250.000000
      1698	 246.000000
      1699	 250.000000
      1700	 246.000000
      1701	 250.000000
      1702	 246.000000
      1703	 250.000000
      1704	 244.000000
      1705	 250.000000
      1706	 246.000000
      1707	 250.000000
      1708	 246.000000
      1709	 250.000000
      1710	 246.000000
      1711	 250.000000
      1712	 244.000000
      1713	 250.000000
      1714	 246.000000
      1715	 250.000000
      1716	 246.000000
      1717	 250.000000
      1718	 246.000000
      1719	 250.000000
      1720	 244.000000
      1721	 250.000000
      1722	 246.000000
      1723	 250.000000
      1724	 246.000000
      1725	 250.000000
      1726	 246.000000
      1727	 250.000000
      1728	 244.000000
      1729	 250.000000
      1730	 246.000000
      1731	 250.000000
      1732	 246.000000
      1733	 250.000000
      1734	 246.000000
      1735	 250.000000
      1736	 244.000000
      1737	 250.000000
      1738	 246.000000
      1739	 250.000000
      1740	 246.000000
      1741	 250.000000
      1742	 246.000000
      1743	 250.000000
      1744	 244.000000
      1745	 250.000000
      1746	 246.000000
      1747	 250.000000
      1748	 246.000000
      1749	 250.000000
      1750	 246.000000
      1751	 250.000000
      1752	 244.000000
      1753	 250.000000
      1754	 246.000000
      1755	 250.000000
      1756	 246.000000
      1757	 250.000000
      1758	 246.000000
      1759	 250.000000
      1760	 244.000000
      1761	 250.000000
      1762	 246.000000
      1763	 250.000000
      1764	 246.000000
      1765	 250.000000
      1766	 246.000000
      1767	 250.000000
      1768	 244.000000
      1769	 250.000000
      1770	 246.000000
      1771	 250.000000
      1772	 246.000000
      1773	 250.000000
      1774	 246.000000
      1775	 250.000000
      1776	 244.000000
      1777	 250.000000
      1778	 246.000000
      1779	 250.000000
      1780	 246.000000
      1781	 250.000000
      1782	 246.000000
      1783	 250.000000
      1784	 244.000000
      1785	 250.000000
      1786	 246.000000
      1787	 250.000000
      1788	 246.000000
      1789	 250.000000
      1790	 246.000000
      1791	 250.000000
      1792	 244.000000
      1793	 482.000000
      1794	 246.000000
      1795	 250.000000
      1796	 246.000000
      1797	 250.000000
      1798	 246.000000
      1799	 250.000000
      1800	 244.000000
      1801	 484.000000
      1802	 246.000000
      1803	 250.000000
      1804	 246.000000
      1805	 250.000000
      1806	 246.000000
      1807	 250.000000
      1808	 244.000000
      1809	 486.000000
      1810	 246.000000
      1811	 250.000000
      1812	 246.000000
      1813	 250.000000
      1814	 246.000000
      1815	 250.000000
      1816	 244.000000
      1817	 484.000000
      1818	 246.000000
      1819	 250.000000
      1820	 246.000000
      1821	 250.000000
      1822	 246.000000
      1823	 250.000000
      1824	 244.000000
      1825	 250.000000
      1826	 246.000000
      1827	 250.000000
      1828	 246.000000
      1829	 250.000000
      1830	 246.000000
      1831	 250.000000
      1832	 244.000000
      1833	 250.000000
      1834	 246.000000
      1835	 250.000000
      1836	 246.000000
      1837	 250.000000
      1838	 246.000000
      1839	 250.000000
      1840	 244.000000
      1841	 250.000000
      1842	 246.000000
      1843	 250.000000
      1844	 246.000000
      1845	 250.000000
      1846	 246.000000
      1847	 250.000000
      1848	 244.000000
      1849	 250.000000
      1850	 246.000000
      1851	 250.000000
      1852	 246.000000
      1853	 250.000000
      1854	 246.000000
      1855	 250.000000
      1856	 244.000000
      1857	 250.000000
      1858	 246.000000
      1859	 250.000000
      1860	 246.000000
      1861	 250.000000
      1862	 246.000000
      1863	 250.000000
      1864	 244.000000
      1865	 250.000000
      1866	 246.000000
      1867	 250.000000
      1868	 246.000000
      1869	 250.000000
      1870	 246.000000
      1871	 250.000000
      1872	 244.000000
      1873	 250.000000
      1874	 246.000000
      1875	 250.000000
      1876	 246.000000
      1877	 250.000000
      1878	 246.000000
      1879	 250.000000
      1880	 244.000000
      1881	 250.000000
      1882	 246.000000
      1883	 250.000000
      1884	 246.000000
      1885	 250.000000
      1886	 246.000000
      1887	 250.000000
      1888	 244.000000
      1889	 250.000000
      1890	 246.000000
      1891	 250.000000
      1892	 246.000000
      1893	 250.000000
      1894	 246.000000
      1895	 250.000000
      1896	 244.000000
      1897	 250.000000
      1898	 246.000000
      1899	 250.000000
      1900	 246.000000
      1901	 250.000000
      1902	 246.000000
      1903	 250.000000
      1904	 244.000000
      1905	 250.000000
      1906	 246.000000
      1907	 250.000000
      1908	 246.000000
      1909	 250.000000
      1910	 246.000000
      1911	 250.000000
      1912	 244.000000
      1913	 250.000000
      1914	 246.000000
      1915	 250.000000
      1916	 246.000000
      1917	 250.000000
      1918	 246.000000
      1919	 250.000000
      1920	 244.000000
      1921	 488.000000
      1922	 246.000000
      1923	 250.000000
      1924	 246.000000
      1925	 250.000000
      1926	 246.000000
      1927	 250.000000
      1928	 244.000000
      1929	 488.000000
      1930	 246.000000
      1931	 250.000000
      1932	 246.000000
      1933	 250.000000
      1934	 246.000000
      1935	 250.000000
      1936	 244.000000
      1937	 488.000000
      1938	 246.000000
      1939	 250.000000
      1940	 246.000000
      1941	 250.000000
      1942	 246.000000
      1943	 250.000000
      1944	 244.000000
      1945	 488.000000
      1946	 246.000000
      1947	 250.000000
      1948	 246.000000
      1949	 250.000000
      1950	 246.000000
      1951	 250.000000
      1952	 244.000000
      1953	 250.000000
      1954	 246.000000
      1955	 250.000000
      1956	 246.000000
      1957	 250.000000
      1958	 246.000000
      1959	 250.000000
      1960	 244.000000
      1961	 250.000000
      1962	 246.000000
      1963	 250.000000
      1964	 246.000000
      1965	 250.000000
      1966	 246.000000
      1967	 250.000000
      1968	 244.000000
      1969	 250.000000
      1970	 246.000000
      1971	 250.000000
      1972	 246.000000
      1973	 250.000000
      1974	 246.000000
      1975	 250.000000
      1976	 244.000000
      1977	 250.000000
      1978	 246.000000
      1979	 250.000000
      1980	 246.000000
      1981	 250.000000
      1982	 246.000000
      1983	 250.000000
      1984	 244.000000
      1985	 250.000000
      1986	 246.000000
      1987	 250.000000
      1988	 246.000000
      1989	 250.000000
      1990	 246.000000
      1991	 250.000000
      1992	 244.000000
      1993	 250.000000
      1994	 246.000000
      1995	 250.000000
      1996	 246.000000
      1997	 250.000000
      1998	 246.000000
      1999	 250.000000
      2000	 244.000000
      2001	 250.000000
      2002	 246.000000
      2003	 250.000000
      2004	 246.000000
      2005	 250.000000
      2006	 246.000000
      2007	 250.000000
      2008	 244.000000
      2009	 250.000000
      2010	 246.000000
      2011	 250.000000
      2012	 246.000000
      2013	 250.000000
      2014	 246.000000
      2015	 250.000000
      2016	 244.000000
      2017	 250.000000
      2018	 246.000000
      2019	 250.000000
      2020	 246.000000
      2021	 250.000000
      2022	 246.000000
      2023	 250.000000
      2024	 244.000000
      2025	 250.000000
      2026	 246.000000
      2027	 250.000000
      2028	 246.000000
      2029	 250.000000
      2030	 246.000000
      2031	 250.000000
      2032	 244.000000
      2033	 250.000000
      2034	 246.000000
      2035	 250.000000
      2036	 246.000000
      2037	 250.000000
      2038	 246.000000
      2039	 250.000000
      2040	 244.000000
      2041	 250.000000
      2042	 246.000000
      2043	 250.000000
      2044	 246.000000
      2045	 250.000000
      2046	 246.000000
      2047	 250.000000
      2048	 244.000000
      2049	 478.000000
      2050	 246.000000
      2051	 250.000000
      2052	 246.000000
      2053	 250.000000
      2054	 246.000000
      2055	 250.000000
      2056	 244.000000
      2057	 476.000000
      2058	 246.000000
      2059	 250.000000
      2060	 246.000000
      2061	 250.000000
      2062	 246.000000
      2063	 250.000000
      2064	 244.000000
      2065	 478.000000
      2066	 246.000000
      2067	 250.000000
      2068	 246.000000
      2069	 250.000000
      2070	 246.000000
      2071	 250.000000
      2072	 244.000000
      2073	 478.000000
      2074	 246.000000
      2075	 250.000000
      2076	 246.000000
      2077	 250.000000
      2078	 246.000000
      2079	 250.000000
      2080	 244.000000
      2081	 250.000000
      2082	 246.000000
      2083	 250.000000
      2084	 246.000000
      2085	 250.000000
      2086	 246.000000
      2087	 250.000000
      2088	 244.000000
      2089	 250.000000
      2090	 246.000000
      2091	 250.000000
      2092	 246.000000
      2093	 250.000000
      2094	 246.000000
      2095	 250.000000
      2096	 244.000000
      2097	 250.000000
      2098	 246.000000
      2099	 250.000000
      2100	 246.000000
      2101	 250.000000
      2102	 246.000000
      2103	 250.000000
      2104	 244.000000
      2105	 250.000000
      2106	 246.000000
      2107	 250.000000
      2108	 246.000000
      2109	 250.000000
      2110	 246.000000
      2111	 250.000000
      2112	 244.000000
      2113	 250.000000
      2114	 246.000000
      2115	 250.000000
      2116	 246.000000
      2117	 250.000000
      2118	 246.000000
      2119	 250.000000
      2120	 244.000000
      2121	 250.000000
      2122	 246.000000
      2123	 250.000000
      2124	 246.000000
      2125	 250.000000
      2126	 246.000000
      2127	 250.000000
      2128	 244.000000
      2129	 250.000000
      2130	 246.000000
      2131	 250.000000
      2132	 246.000000
      2133	 250.000000
      2134	 246.000000
      2135	 250.000000
      2136	 244.000000
      2137	 250.000000
      2138	 246.000000
      2139	 250.000000
      2140	 246.000000
      2141	 250.000000
      2142	 246.000000
      2143	 250.000000
      2144	 244.000000
      2145	 250.000000
      2146	 246.000000
      2147	 250.000000
      2148	 246.000000
      2149	 250.000000
      2150	 246.000000
      2151	 250.000000
      2152	 244.000000
      2153	 250.000000
      2154	 246.000000
      2155	 250.000000
      2156	 246.000000
      2157	 250.000000
      2158	 246.000000
      2159	 250.000000
      2160	 244.000000
      2161	 250.000000
      2162	 246.000000
      2163	 250.000000
      2164	 246.000000
      2165	 250.000000
      2166	 246.000000
      2167	 250.000000
      2168	 244.000000
      2169	 250.000000
      2170	 246.000000
      2171	 250.000000
      2172	 246.000000
      2173	 250.000000
      2174	 246.000000
      2175	 250.000000
      2176	 244.000000
      2177	 480.000000
      2178	 246.000000
      2179	 250.000000
      2180	 246.000000
      2181	 250.000000
      2182	 246.000000
      2183	 250.000000
      2184	 244.000000
      2185	 480.000000
      2186	 246.000000
      2187	 250.000000
      2188	 246.000000
      2189	 250.000000
      2190	 246.000000
      2191	 250.000000
      2192	 244.000000
      2193	 482.000000
      2194	 246.000000
      2195	 250.000000
      2196	 246.000000
      2197	 250.000000
      2198	 246.000000
      2199	 250.000000
      2200	 244.000000
      2201	 482.000000
      2202	 246.000000
      2203	 250.000000
      2204	 246.000000
      2205	 250.000000
      2206	 246.000000
      2207	 250.000000
      2208	 244.000000
      2209	 250.000000
      2210	 246.000000
      2211	 250.000000
      2212	 246.000000
      2213	 250.000000
      2214	 246.000000
      2215	 250.000000
      2216	 244.000000
      2217	 250.000000
      2218	 246.000000
      2219	 250.000000
      2220	 246.000000
      2221	 250.000000
      2222	 246.000000
      2223	 250.000000
      2224	 244.000000
      2225	 250.000000
      2226	 246.000000
      2227	 250.000000
      2228	 246.000000
      2229	 250.000000
      2230	 246.000000
      2231	 250.000000
      2232	 244.000000
      2233	 250.000000
      2234	 246.000000
      2235	 250.000000
      2236	 246.000000
      2237	 250.000000
      2238	 246.000000
      2239	 250.000000
      2240	 244.000000
      2241	 250.000000
      2242	 246.000000
      2243	 250.000000
      2244	 246.000000
      2245	 250.000000
      2246	 246.000000
      2247	 250.000000
      2248	 244.000000
      2249	 250.000000
      2250	 246.000000
      2251	 250.000000
      2252	 246.000000
      2253	 250.000000
      2254	 246.000000
      2255	 250.000000
      2256	 244.000000
      2257	 250.000000
      2258	 246.000000
      2259	 250.000000
      2260	 246.000000
      2261	 250.000000
      2262	 246.000000
      2263	 250.000000
      2264	 244.000000
      2265	 250.000000
      2266	 246.000000
      2267	 250.000000
      2268	 246.000000
      2269	 250.000000
      2270	 246.000000
      2271	 250.000000
      2272	 244.000000
      2273	 250.000000
      2274	 246.000000
      2275	 250.000000
      2276	 246.000000
      2277	 250.000000
      2278	 246.000000
      2279	 250.000000
      2280	 244.000000
      2281	 250.000000
      2282	 246.000000
      2283	 250.000000
      2284	 246.000000
      2285	 250.000000
      2286	 246.000000
      2287	 250.000000
      2288	 244.000000
      2289	 250.000000
      2290	 246.000000
      2291	 250.000000
      2292	 246.000000
      2293	 250.000000
      2294	 246.000000
      2295	 250.000000
      2296	 244.000000
      2297	 250.000000
      2298	 246.000000
      2299	 250.000000
      2300	 246.000000
      2301	 250.000000
      2302	 246.000000
      2303	 250.000000
      2304	 244.000000
      2305	 482.000000
      2306	 246.000000
      2307	 250.000000
      2308	 246.000000
      2309	 250.000000
      2310	 246.000000
      2311	 250.000000
      2312	 244.000000
      2313	 482.000000
      2314	 246.000000
      2315	 250.000000
      2316	 246.000000
      2317	 250.000000
      2318	 246.000000
      2319	 250.000000
      2320	 244.000000
      2321	 482.000000
      2322	 246.000000
      2323	 250.000000
      2324	 246.000000
      2325	 250.000000
      2326	 246.000000
      2327	 250.000000
      2328	 244.000000
      2329	 482.000000
      2330	 246.000000
      2331	 250.000000
      2332	 246.000000
      2333	 250.000000
      2334	 246.000000
      2335	 250.000000
      2336	 244.000000
      2337	 250.000000
      2338	 246.000000
      2339	 250.000000
      2340	 246.000000
      2341	 250.000000
      2342	 246.000000
      2343	 250.000000
      2344	 244.000000
      2345	 250.000000
      2346	 246.000000
      2347	 250.000000
      2348	 246.000000
      2349	 250.000000
      2350	 246.000000
      2351	 250.000000
      2352	 244.000000
      2353	 250.000000
      2354	 246.000000
      2355	 250.000000
      2356	 246.000000
      2357	 250.000000
      2358	 246.000000
      2359	 250.000000
      2360	 244.000000
      2361	 250.000000
      2362	 246.000000
      2363	 250.000000
      2364	 246.000000
      2365	 250.000000
      2366	 246.000000
      2367	 250.000000
      2368	 244.000000
      2369	 250.000000
      2370	 246.000000
      2371	 250.000000
      2372	 246.000000
      2373	 250.000000
      2374	 246.000000
      2375	 250.000000
      2376	 244.000000
      2377	 250.000000
      2378	 246.000000
      2379	 250.000000
      2380	 246.000000
      2381	 250.000000
      2382	 246.000000
      2383	 250.000000
      2384	 244.000000
      2385	 250.000000
      2386	 246.000000
      2387	 250.000000
      2388	 246.000000
      2389	 250.000000
      2390	 246.000000
      2391	 250.000000
      2392	 244.000000
      2393	 250.000000
      2394	 246.000000
      2395	 250.000000
      2396	 246.000000
      2397	 250.000000
      2398	 246.000000
      2399	 250.000000
      2400	 244.000000
      2401	 250.000000
      2402	 246.000000
      2403	 250.000000
      2404	 246.000000
      2405	 250.000000
      2406	 246.000000
      2407	 250.000000
      2408	 244.000000
      2409	 250.000000
      2410	 246.000000
      2411	 250.000000
      2412	 246.000000
      2413	 250.000000
      2414	 246.000000
      2415	 250.000000
      2416	 244.000000
      2417	 250.000000
      2418	 246.000000
      2419	 250.000000
      2420	 246.000000
      2421	 250.000000
      2422	 246.000000
      2423	 250.000000
      2424	 244.000000
      2425	 250.000000
      2426	 246.000000
      2427	 250.000000
      2428	 246.000000
      2429	 250.000000
      2430	 246.000000
      2431	 250.000000
      2432	 244.000000
      2433	 476.000000
      2434	 246.000000
      2435	 250.000000
      2436	 246.000000
      2437	 250.000000
      2438	 246.000000
      2439	 250.000000
      2440	 244.000000
      2441	 474.000000
      2442	 246.000000
      2443	 250.000000
      2444	 246.000000
      2445	 250.000000
      2446	 246.000000
      2447	 250.000000
      2448	 244.000000
      2449	 476.000000
      2450	 246.000000
      2451	 250.000000
      2452	 246.000000
      2453	 250.000000
      2454	 246.000000
      2455	 250.000000
      2456	 244.000000
      2457	 476.000000
      2458	 246.000000
      2459	 250.000000
      2460	 246.000000
      2461	 250.000000
      2462	 246.000000
      2463	 250.000000
      2464	 244.000000
      2465	 250.000000
      2466	 246.000000
      2467	 250.000000
      2468	 246.000000
      2469	 250.000000
      2470	 246.000000
      2471	 250.000000
      2472	 244.000000
      2473	 250.000000
      2474	 246.000000
      2475	 250.000000
      2476	 246.000000
      2477	 250.000000
      2478	 246.000000
      2479	 250.000000
      2480	 244.000000
      2481	 250.000000
      2482	 246.000000
      2483	 250.000000
      2484	 246.000000
      2485	 250.000000
      2486	 246.000000
      2487	 250.000000
      2488	 244.000000
      2489	 250.000000
      2490	 246.000000
      2491	 250.000000
      2492	 246.000000
      2493	 250.000000
      2494	 246.000000
      2495	 250.000000
      2496	 244.000000
      2497	 250.000000
      2498	 246.000000
      2499	 250.000000
      2500	 246.000000
      2501	 250.000000
      2502	 246.000000
      2503	 250.000000
      2504	 244.000000
      2505	 250.000000
      2506	 246.000000
      2507	 250.000000
      2508	 246.000000
      2509	 250.000000
      2510	 246.000000
      2511	 250.000000
      2512	 244.000000
      2513	 250.000000
      2514	 246.000000
      2515	 250.000000
      2516	 246.000000
      2517	 250.000000
      2518	 246.000000
      2519	 250.000000
      2520	 244.000000
      2521	 250.000000
      2522	 246.000000
      2523	 250.000000
      2524	 246.000000
      2525	 250.000000
      2526	 246.000000
      2527	 250.000000
      2528	 244.000000
      2529	 250.000000
      2530	 246.000000
      2531	 250.000000
      2532	 246.000000
      2533	 250.000000
      2534	 246.000000
      2535	 250.000000
      2536	 244.000000
      2537	 250.000000
      2538	 246.000000
      2539	 250.000000
      2540	 246.000000
      2541	 250.000000
      2542	 246.000000
      2543	 250.000000
      2544	 244.000000
      2545	 250.000000
      2546	 246.000000
      2547	 250.000000
      2548	 246.000000
      2549	 250.000000
      2550	 246.000000
      2551	 250.000000
      2552	 244.000000
      2553	 250.000000
      2554	 246.000000
      2555	 250.000000
      2556	 246.000000
      2557	 250.000000
      2558	 246.000000
      2559	 250.000000
      2560	 244.000000
      2561	 488.000000
      2562	 246.000000
      2563	 250.000000
      2564	 246.000000
      2565	 250.000000
      2566	 246.000000
      2567	 250.000000
      2568	 244.000000
      2569	 488.000000
      2570	 246.000000
      2571	 250.000000
      2572	 246.000000
      2573	 250.000000
      2574	 246.000000
      2575	 250.000000
      2576	 244.000000
      2577	 488.000000
      2578	 246.000000
      2579	 250.000000
      2580	 246.000000
      2581	 250.000000
      2582	 246.000000
      2583	 250.000000
      2584	 244.000000
      2585	 488.000000
      2586	 246.000000
      2587	 250.000000
      2588	 246.000000
      2589	 250.000000
      2590	 246.000000
      2591	 250.000000
      2592	 244.000000
      2593	 250.000000
      2594	 246.000000
      2595	 250.000000
      2596	 246.000000
      2597	 250.000000
      2598	 246.000000
      2599	 250.000000
      2600	 244.000000
      2601	 250.000000
      2602	 246.000000
      2603	 250.000000
      2604	 246.000000
      2605	 250.000000
      2606	 246.000000
      2607	 250.000000
      2608	 244.000000
      2609	 250.000000
      2610	 246.000000
      2611	 250.000000
      2612	 246.000000
      2613	 250.000000
      2614	 246.000000
      2615	 250.000000
      2616	 244.000000
      2617	 250.000000
      2618	 246.000000
      2619	 250.000000
      2620	 246.000000
      2621	 250.000000
      2622	 246.000000
      2623	 250.000000
      2624	 244.000000
      2625	 250.000000
      2626	 246.000000
      2627	 250.000000
      2628	 246.000000
      2629	 250.000000
      2630	 246.000000
      2631	 250.000000
      2632	 244.000000
      2633	 250.000000
      2634	 246.000000
      2635	 250.000000
      2636	 246.000000
      2637	 250.000000
      2638	 246.000000
      2639	 250.000000
      2640	 244.000000
      2641	 250.000000
      2642	 246.000000
      2643	 250.000000
      2644	 246.000000
      2645	 250.000000
      2646	 246.000000
      2647	 250.000000
      2648	 244.000000
      2649	 250.000000
      2650	 246.000000
      2651	 250.000000
      2652	 246.000000
      2653	 250.000000
      2654	 246.000000
      2655	 250.000000
      2656	 244.000000
      2657	 250.000000
      2658	 246.000000
      2659	 250.000000
      2660	 246.000000
      2661	 250.000000
      2662	 246.000000
      2663	 250.000000
      2664	 244.000000
      2665	 250.000000
      2666	 246.000000
      2667	 250.000000
      2668	 246.000000
      2669	 250.000000
      2670	 246.000000
      2671	 250.000000
      2672	 244.000000
      2673	 250.000000
      2674	 246.000000
      2675	 250.000000
      2676	 246.000000
      2677	 250.000000
      2678	 246.000000
      2679	 250.000000
      2680	 244.000000
      2681	 250.000000
      2682	 246.000000
      2683	 250.000000
      2684	 246.000000
      2685	 250.000000
      2686	 246.000000
      2687	 250.000000
      2688	 244.000000
      2689	 486.000000
      2690	 246.000000
      2691	 250.000000
      2692	 246.000000
      2693	 250.000000
      2694	 246.000000
      2695	 250.000000
      2696	 244.000000
      2697	 486.000000
      2698	 246.000000
      2699	 250.000000
      2700	 246.000000
      2701	 250.000000
      2702	 246.000000
      2703	 250.000000
      2704	 244.000000
      2705	 486.000000
      2706	 246.000000
      2707	 250.000000
      2708	 246.000000
      2709	 250.000000
      2710	 246.000000
      2711	 250.000000
      2712	 244.000000
      2713	 486.000000
      2714	 246.000000
      2715	 250.000000
      2716	 246.000000
      2717	 250.000000
      2718	 246.000000
      2719	 250.000000
      2720	 244.000000
      2721	 250.000000
      2722	 246.000000
      2723	 250.000000
      2724	 246.000000
      2725	 250.000000
      2726	 246.000000
      2727	 250.000000
      2728	 244.000000
      2729	 250.000000
      2730	 246.000000
      2731	 250.000000
      2732	 246.000000
      2733	 250.000000
      2734	 246.000000
      2735	 250.000000
      2736	 244.000000
      2737	 250.000000
      2738	 246.000000
      2739	 250.000000
      2740	 246.000000
      2741	 250.000000
      2742	 246.000000
      2743	 250.000000
      2744	 244.000000
      2745	 250.000000
      2746	 246.000000
      2747	 250.000000
      2748	 246.000000
      2749	 250.000000
      2750	 246.000000
      2751	 250.000000
      2752	 244.000000
      2753	 250.000000
      2754	 246.000000
      2755	 250.000000
      2756	 246.000000
      2757	 250.000000
      2758	 246.000000
      2759	 250.000000
      2760	 244.000000
      2761	 250.000000
      2762	 246.000000
      2763	 250.000000
      2764	 246.000000
      2765	 250.000000
      2766	 246.000000
      2767	 250.000000
      2768	 244.000000
      2769	 250.000000
      2770	 246.000000
      2771	 250.000000
      2772	 246.000000
      2773	 250.000000
      2774	 246.000000
      2775	 250.000000
      2776	 244.000000
      2777	 250.000000
      2778	 246.000000
      2779	 250.000000
      2780	 246.000000
      2781	 250.000000
      2782	 246.000000
      2783	 250.000000
      2784	 244.000000
      2785	 250.000000
      2786	 246.000000
      2787	 250.000000
      2788	 246.000000
      2789	 250.000000
      2790	 246.000000
      2791	 250.000000
      2792	 244.000000
      2793	 250.000000
      2794	 246.000000
      2795	 250.000000
      2796	 246.000000
      2797	 250.000000
      2798	 246.000000
      2799	 250.000000
      2800	 244.000000
      2801	 250.000000
      2802	 246.000000
      2803	 250.000000
      2804	 246.000000
      2805	 250.000000
      2806	 246.000000
      2807	 250.000000
      2808	 244.000000
      2809	 250.000000
      2810	 246.000000
      2811	 250.000000
      2812	 246.000000
      2813	 250.000000
      2814	 246.000000
      2815	 250.000000
      2816	 244.000000
      2817	 478.000000
      2818	 246.000000
      2819	 250.000000
      2820	 246.000000
      2821	 250.000000
      2822	 246.000000
      2823	 250.000000
      2824	 244.000000
      2825	 478.000000
      2826	 246.000000
      2827	 250.000000
      2828	 246.000000
      2829	 250.000000
      2830	 246.000000
      2831	 250.000000
      2832	 244.000000
      2833	 480.000000
      2834	 246.000000
      2835	 250.000000
      2836	 246.000000
      2837	 250.000000
      2838	 246.000000
      2839	 250.000000
      2840	 244.000000
      2841	 478.000000
      2842	 246.000000
      2843	 250.000000
      2844	 246.000000
      2845	 250.000000
      2846	 246.000000
      2847	 250.000000
      2848	 244.000000
      2849	 250.000000
      2850	 246.000000
      2851	 250.000000
      2852	 246.000000
      2853	 250.000000
      2854	 246.000000
      2855	 250.000000
      2856	 244.000000
      2857	 250.000000
      2858	 246.000000
      2859	 250.000000
      2860	 246.000000
      2861	 250.000000
      2862	 246.000000
      2863	 250.000000
      2864	 244.000000
      2865	 250.000000
      2866	 246.000000
      2867	 250.000000
      2868	 246.000000
      2869	 250.000000
      2870	 246.000000
      2871	 250.000000
      2872	 244.000000
      2873	 250.000000
      2874	 246.000000
      2875	 250.000000
      2876	 246.000000
      2877	 250.000000
      2878	 246.000000
      2879	 250.000000
      2880	 244.000000
      2881	 250.000000
      2882	 246.000000
      2883	 250.000000
      2884	 246.000000
      2885	 250.000000
      2886	 246.000000
      2887	 250.000000
      2888	 244.000000
      2889	 250.000000
      2890	 246.000000
      2891	 250.000000
      2892	 246.000000
      2893	 250.000000
      2894	 246.000000
      2895	 250.000000
      2896	 244.000000
      2897	 250.000000
      2898	 246.000000
      2899	 250.000000
      2900	 246.000000
      2901	 250.000000
      2902	 246.000000
      2903	 250.000000
      2904	 244.000000
      2905	 250.000000
      2906	 246.000000
      2907	 250.000000
      2908	 246.000000
      2909	 250.000000
      2910	 246.000000
      2911	 250.000000
      2912	 244.000000
      2913	 250.000000
      2914	 246.000000
      2915	 250.000000
      2916	 246.000000
      2917	 250.000000
      2918	 246.000000
      2919	 250.000000
      2920	 244.000000
      2921	 250.000000
      2922	 246.000000
      2923	 250.000000
      2924	 246.000000
      2925	 250.000000
      2926	 246.000000
      2927	 250.000000
      2928	 244.000000
      2929	 250.000000
      2930	 246.000000
      2931	 250.000000
      2932	 246.000000
      2933	 250.000000
      2934	 246.000000
      2935	 250.000000
      2936	 244.000000
      2937	 250.000000
      2938	 246.000000
      2939	 250.000000
      2940	 246.000000
      2941	 250.000000
      2942	 246.000000
      2943	 250.000000
      2944	 244.000000
      2945	 484.000000
      2946	 246.000000
      2947	 250.000000
      2948	 246.000000
      2949	 250.000000
      2950	 246.000000
      2951	 250.000000
      2952	 244.000000
      2953	 482.000000
      2954	 246.000000
      2955	 250.000000
      2956	 246.000000
      2957	 250.000000
      2958	 246.000000
      2959	 250.000000
      2960	 244.000000
      2961	 484.000000
      2962	 246.000000
      2963	 250.000000
      2964	 246.000000
      2965	 250.000000
      2966	 246.000000
      2967	 250.000000
      2968	 244.000000
      2969	 484.000000
      2970	 246.000000
      2971	 250.000000
      2972	 246.000000
      2973	 250.000000
      2974	 246.000000
      2975	 250.000000
      2976	 244.000000
      2977	 250.000000
      2978	 246.000000
      2979	 250.000000
      2980	 246.000000
      2981	 250.000000
      2982	 246.000000
      2983	 250.000000
      2984	 244.000000
      2985	 250.000000
      2986	 246.000000
      2987	 250.000000
      2988	 246.000000
      2989	 250.000000
      2990	 246.000000
      2991	 250.000000
      2992	 244.000000
      2993	 250.000000
      2994	 246.000000
      2995	 250.000000
      2996	 246.000000
      2997	 250.000000
      2998	 246.000000
      2999	 250.000000
      3000	 244.000000
      3001	 250.000000
      3002	 246.000000
      3003	 250.000000
      3004	 246.000000
      3005	 250.000000
      3006	 246.000000
      3007	 250.000000
      3008	 244.000000
      3009	 250.000000
      3010	 246.000000
      3011	 250.000000
      3012	 246.000000
      3013	 250.000000
      3014	 246.000000
      3015	 250.000000
      3016	 244.000000
      3017	 250.000000
      3018	 246.000000
      3019	 250.000000
      3020	 246.000000
      3021	 250.000000
      3022	 246.000000
      3023	 250.000000
      3024	 244.000000
      3025	 250.000000
      3026	 246.000000
      3027	 250.000000
      3028	 246.000000
      3029	 250.000000
      3030	 246.000000
      3031	 250.000000
      3032	 244.000000
      3033	 250.000000
      3034	 246.000000
      3035	 250.000000
      3036	 246.000000
      3037	 250.000000
      3038	 246.000000
      3039	 250.000000
      3040	 244.000000
      3041	 250.000000
      3042	 246.000000
      3043	 250.000000
      3044	 246.000000
      3045	 250.000000
      3046	 246.000000
      3047	 250.000000
      3048	 244.000000
      3049	 250.000000
      3050	 246.000000
      3051	 250.000000
      3052	 246.000000
      3053	 250.000000
      3054	 246.000000
      3055	 250.000000
      3056	 244.000000
      3057	 250.000000
      3058	 246.000000
      3059	 250.000000
      3060	 246.000000
      3061	 250.000000
      3062	 246.000000
      3063	 250.000000
      3064	 244.000000
      3065	 250.000000
      3066	 246.000000
      3067	 250.000000
      3068	 246.000000
      3069	 250.000000
      3070	 246.000000
      3071	 250.000000
      3072	 244.000000
         0	 486.000000
         1	 460.000000
         2	 250.000000
         3	 246.000000
         4	 250.000000
         5	 246.000000
         6	 250.000000
         7	 244.000000
         8	 250.000000
         9	 470.000000
        10	 250.000000
        11	 246.000000
        12	 250.000000
        13	 246.000000
        14	 250.000000
        15	 244.000000
        16	 250.000000
        17	 472.000000
        18	 250.000000
        19	 246.000000
        20	 250.000000
        21	 246.000000
        22	 250.000000
        23	 244.000000
        24	 250.000000
        25	 470.000000
        26	 250.000000
        27	 246.000000
        28	 250.000000
        29	 246.000000
        30	 250.000000
        31	 244.000000
        32	 250.000000
        33	 246.000000
        34	 250.000000
        35	 246.000000
        36	 250.000000
        37	 246.000000
        38	 250.000000
        39	 244.000000
        40	 250.000000
        41	 246.000000
        42	 250.000000
        43	 246.000000
        44	 250.000000
        45	 246.000000
        46	 250.000000
        47	 244.000000
        48	 250.000000
        49	 246.000000
        50	 250.000000
        51	 246.000000
        52	 250.000000
        53	 246.000000
        54	 250.000000
        55	 244.000000
        56	 250.000000
        57	 246.000000
        58	 250.000000
        59	 246.000000
        60	 250.000000
        61	 246.000000
        62	 250.000000
        63	 244.000000
        64	 250.000000
        65	 246.000000
        66	 250.000000
        67	 246.000000
        68	 250.000000
        69	 246.000000
        70	 250.000000
        71	 244.000000
        72	 250.000000
        73	 246.000000
        74	 250.000000
        75	 246.000000
        76	 250.000000
        77	 246.000000
        78	 250.000000
        79	 244.000000
        80	 250.000000
        81	 246.000000
        82	 250.000000
        83	 246.000000
        84	 250.000000
        85	 246.000000
        86	 250.000000
        87	 244.000000
        88	 250.000000
        89	 246.000000
        90	 250.000000
        91	 246.000000
        92	 250.000000
        93	 246.000000
        94	 250.000000
        95	 244.000000
        96	 250.000000
        97	 246.000000
        98	 250.000000
        99	 246.000000
       100	 250.000000
       101	 246.000000
       102	 250.000000
       103	 244.000000
       104	 250.000000
       105	 246.000000
       106	 250.000000
       107	 246.000000
       108	 250.000000
       109	 246.000000
       110	 250.000000
       111	 244.000000
       112	 250.000000
       113	 246.000000
       114	 250.000000
       115	 246.000000
       116	 250.000000
       117	 246.000000
       118	 250.000000
       119	 244.000000
       120	 250.000000
       121	 246.000000
       122	 250.000000
       123	 246.000000
       124	 250.000000
       125	 246.000000
       126	 250.000000
       127	 244.000000
       128	 250.000000
       129	 472.000000
       130	 250.000000
       131	 246.000000
       132	 250.000000
       133	 246.000000
       134	 250.000000
       135	 244.000000
       136	 250.000000
       137	 472.000000
       138	 250.000000
       139	 246.000000
       140	 250.000000
       141	 246.000000
       142	 250.000000
       143	 244.000000
       144	 250.000000
       145	 472.000000
       146	 250.000000
       147	 246.000000
       148	 250.000000
       149	 246.000000
       150	 250.000000
       151	 244.000000
       152	 250.000000
       153	 472.000000
       154	 250.000000
       155	 246.000000
       156	 250.000000
       157	 246.000000
       158	 250.000000
       159	 244.000000
       160	 250.000000
       161	 246.000000
       162	 250.000000
       163	 246.000000
       164	 250.000000
       165	 246.000000
       166	 250.000000
       167	 244.000000
       168	 250.000000
       169	 246.000000
       170	 250.000000
       171	 246.000000
       172	 250.000000
       173	 246.000000
       174	 250.000000
       175	 244.000000
       176	 250.000000
       177	 246.000000
       178	 250.000000
       179	 246.000000
       180	 250.000000
       181	 246.000000
       182	 250.000000
       183	 244.000000
       184	 250.000000
       185	 246.000000
       186	 250.000000
       187	 246.000000
       188	 250.000000
       189	 246.000000
       190	 250.000000
       191	 244.000000
       192	 250.000000
       193	 246.000000
       194	 250.000000
       195	 246.000000
       196	 250.000000
       197	 246.000000
       198	 250.000000
       199	 244.000000
       200	 250.000000
       201	 246.000000
       202	 250.000000
       203	 246.000000
       204	 250.000000
       205	 246.000000
       206	 250.000000
       207	 244.000000
       208	 250.000000
       209	 246.000000
       210	 250.000000
       211	 246.000000
       212	 250.000000
       213	 246.000000
       214	 250.000000
       215	 244.000000
       216	 250.000000
       217	 246.000000
       218	 250.000000
       219	 246.000000
       220	 250.000000
       221	 246.000000
       222	 250.000000
       223	 244.000000
       224	 250.000000
       225	 246.000000
       226	 250.000000
       227	 246.000000
       228	 250.000000
       229	 246.000000
       230	 250.000000
       231	 244.000000
       232	 250.000000
       233	 246.000000
       234	 250.000000
       235	 246.000000
       236	 250.000000
       237	 246.000000
       238	 250.000000
       239	 244.000000
       240	 250.000000
       241	 246.000000
       242	 250.000000
       243	 246.000000
       244	 250.000000
       245	 246.000000
       246	 250.000000
       247	 244.000000
       248	 250.000000
       249	 246.000000
       250	 250.000000
       251	 246.000000
       252	 250.000000
       253	 246.000000
       254	 250.000000
       255	 244.000000
       256	 250.000000
       257	 478.000000
       258	 250.000000
       259	 246.000000
       260	 250.000000
       261	 246.000000
       262	 250.000000
       263	 244.000000
       264	 250.000000
       265	 476.000000
       266	 250.000000
       267	 246.000000
       268	 250.000000
       269	 246.000000
       270	 250.000000
       271	 244.000000
       272	 250.000000
       273	 476.000000
       274	 250.000000
       275	 246.000000
       276	 250.000000
       277	 246.000000
       278	 250.000000
       279	 244.000000
       280	 250.000000
       281	 476.000000
       282	 250.000000
       283	 246.000000
       284	 250.000000
       285	 246.000000
       286	 250.000000
       287	 244.000000
       288	 250.000000
       289	 246.000000
       290	 250.000000
       291	 246.000000
       292	 250.000000
       293	 246.000000
       294	 250.000000
       295	 244.000000
       296	 250.000000
       297	 246.000000
       298	 250.000000
       299	 246.000000
       300	 250.000000
       301	 246.000000
       302	 250.000000
       303	 244.000000
       304	 250.000000
       305	 246.000000
       306	 250.000000
       307	 246.000000
       308	 250.000000
       309	 246.000000
       310	 250.000000
       311	 244.000000
       312	 250.000000
       313	 246.000000
       314	 250.000000
       315	 246.000000
       316	 250.000000
       317	 246.000000
       318	 250.000000
       319	 244.000000
       320	 250.000000
       321	 246.000000
       322	 250.000000
       323	 246.000000
       324	 250.000000
       325	 246.000000
       326	 250.000000
       327	 244.000000
       328	 250.000000
       329	 246.000000
       330	 250.000000
       331	 246.000000
       332	 250.000000
       333	 246.000000
       334	 250.000000
       335	 244.000000
       336	 250.000000
       337	 246.000000
       338	 250.000000
       339	 246.000000
       340	 250.000000
       341	 246.000000
       342	 250.000000
       343	 244.000000
       344	 250.000000
       345	 246.000000
       346	 250.000000
       347	 246.000000
       348	 250.000000
       349	 246.000000
       350	 250.000000
       351	 244.000000
       352	 250.000000
       353	 246.000000
       354	 250.000000
       355	 246.000000
       356	 250.000000
       357	 246.000000
       358	 250.000000
       359	 244.000000
       360	 250.000000
       361	 246.000000
       362	 250.000000
       363	 246.000000
       364	 250.000000
       365	 246.000000
       366	 250.000000
       367	 244.000000
       368	 250.000000
       369	 246.000000
       370	 250.000000
       371	 246.000000
       372	 250.000000
       373	 246.000000
       374	 250.000000
       375	 244.000000
       376	 250.000000
       377	 246.000000
       378	 250.000000
       379	 246.000000
       380	 250.000000
       381	 246.000000
       382	 250.000000
       383	 244.000000
       384	 250.000000
       385	 478.000000
       386	 250.000000
       387	 246.000000
       388	 250.000000
       389	 246.000000
       390	 250.000000
       391	 244.000000
       392	 250.000000
       393	 480.000000
       394	 250.000000
       395	 246.000000
       396	 250.000000
       397	 246.000000
       398	 250.000000
       399	 244.000000
       400	 250.000000
       401	 478.000000
       402	 250.000000
       403	 246.000000
       404	 250.000000
       405	 246.000000
       406	 250.000000
       407	 244.000000
       408	 250.000000
       409	 478.000000
       410	 250.000000
       411	 246.000000
       412	 250.000000
       413	 246.000000
       414	 250.000000
       415	 244.000000
       416	 250.000000
       417	 246.000000
       418	 250.000000
       419	 246.000000
       420	 250.000000
       421	 246.000000
       422	 250.000000
       423	 244.000000
       424	 250.000000
       425	 246.000000
       426	 250.000000
       427	 246.000000
       428	 250.000000
       429	 246.000000
       430	 250.000000
       431	 244.000000
       432	 250.000000
       433	 246.000000
       434	 250.000000
       435	 246.000000
       436	 250.000000
       437	 246.000000
       438	 250.000000
       439	 244.000000
       440	 250.000000
       441	 246.000000
       442	 250.000000
       443	 246.000000
       444	 250.000000
       445	 246.000000
       446	 250.000000
       447	 244.000000
       448	 250.000000
       449	 246.000000
       450	 250.000000
       451	 246.000000
       452	 250.000000
       453	 246.000000
       454	 250.000000
       455	 244.000000
       456	 250.000000
       457	 246.000000
       458	 250.000000
       459	 246.000000
       460	 250.000000
       461	 246.000000
       462	 250.000000
       463	 244.000000
       464	 250.000000
       465	 246.000000
       466	 250.000000
       467	 246.000000
       468	 250.000000
       469	 246.000000
       470	 250.000000
       471	 244.000000
       472	 250.000000
       473	 246.000000
       474	 250.000000
       475	 246.000000
       476	 250.000000
       477	 246.000000
       478	 250.000000
       479	 244.000000
       480	 250.000000
       481	 246.000000
       482	 250.000000
       483	 246.000000
       484	 250.000000
       485	 246.000000
       486	 250.000000
       487	 244.000000
       488	 250.000000
       489	 246.000000
       490	 250.000000
       491	 246.000000
       492	 250.000000
       493	 246.000000
       494	 250.000000
       495	 244.000000
       496	 250.000000
       497	 246.000000
       498	 250.000000
       499	 246.000000
       500	 250.000000
       501	 246.000000
       502	 250.000000
       503	 244.000000
       504	 250.000000
       505	 246.000000
       506	 250.000000
       507	 246.000000
       508	 250.000000
       509	 246.000000
       510	 250.000000
       511	 244.000000
       512	 250.000000
       513	 472.000000
       514	 250.000000
       515	 246.000000
       516	 250.000000
       517	 246.000000
       518	 250.000000
       519	 244.000000
       520	 250.000000
       521	 474.000000
       522	 250.000000
       523	 246.000000
       524	 250.000000
       525	 246.000000
       526	 250.000000
       527	 244.000000
       528	 250.000000
       529	 472.000000
       530	 250.000000
       531	 246.000000
       532	 250.000000
       533	 246.000000
       534	 250.000000
       535	 244.000000
       536	 250.000000
       537	 472.000000
       538	 250.000000
       539	 246.000000
       540	 250.000000
       541	 246.000000
       542	 250.000000
       543	 244.000000
       544	 250.000000
       545	 246.000000
       546	 250.000000
       547	 246.000000
       548	 250.000000
       549	 246.000000
       550	 250.000000
       551	 244.000000
       552	 250.000000
       553	 246.000000
       554	 250.000000
       555	 246.000000
       556	 250.000000
       557	 246.000000
       558	 250.000000
       559	 244.000000
       560	 250.000000
       561	 246.000000
       562	 250.000000
       563	 246.000000
       564	 250.000000
       565	 246.000000
       566	 250.000000
       567	 244.000000
       568	 250.000000
       569	 246.000000
       570	 250.000000
       571	 246.000000
       572	 250.000000
       573	 246.000000
       574	 250.000000
       575	 244.000000
       576	 250.000000
       577	 246.000000
       578	 250.000000
       579	 246.000000
       580	 250.000000
       581	 246.000000
       582	 250.000000
       583	 244.000000
       584	 250.000000
       585	 246.000000
       586	 250.000000
       587	 246.000000
       588	 250.000000
       589	 246.000000
       590	 250.000000
       591	 244.000000
       592	 250.000000
       593	 246.000000
       594	 250.000000
       595	 246.000000
       596	 250.000000
       597	 246.000000
       598	 250.000000
       599	 244.000000
       600	 250.000000
       601	 246.000000
       602	 250.000000
       603	 246.000000
       604	 250.000000
       605	 246.000000
       606	 250.000000
       607	 244.000000
       608	 250.000000
       609	 246.000000
       610	 250.000000
       611	 246.000000
       612	 250.000000
       613	 246.000000
       614	 250.000000
       615	 244.000000
       616	 250.000000
       617	 246.000000
       618	 250.000000
       619	 246.000000
       620	 250.000000
       621	 246.000000
       622	 250.000000
       623	 244.000000
       624	 250.000000
       625	 246.000000
       626	 250.000000
       627	 246.000000
       628	 250.000000
       629	 246.000000
       630	 250.000000
       631	 244.000000
       632	 250.000000
       633	 246.000000
       634	 250.000000
       635	 246.000000
       636	 250.000000
       637	 246.000000
       638	 250.000000
       639	 244.000000
       640	 250.000000
       641	 478.000000
       642	 250.000000
       643	 246.000000
       644	 250.000000
       645	 246.000000
       646	 250.000000
       647	 244.000000
       648	 250.000000
       649	 478.000000
       650	 250.000000
       651	 246.000000
       652	 250.000000
       653	 246.000000
       654	 250.000000
       655	 244.000000
       656	 250.000000
       657	 476.000000
       658	 250.000000
       659	 246.000000
       660	 250.000000
       661	 246.000000
       662	 250.000000
       663	 244.000000
       664	 250.000000
       665	 476.000000
       666	 250.000000
       667	 246.000000
       668	 250.000000
       669	 246.000000
       670	 250.000000
       671	 244.000000
       672	 250.000000
       673	 246.000000
       674	 250.000000
       675	 246.000000
       676	 250.000000
       677	 246.000000
       678	 250.000000
       679	 244.000000
       680	 250.000000
       681	 246.000000
       682	 250.000000
       683	 246.000000
       684	 250.000000
       685	 246.000000
       686	 250.000000
       687	 244.000000
       688	 250.000000
       689	 246.000000
       690	 250.000000
       691	 246.000000
       692	 250.000000
       693	 246.000000
       694	 250.000000
       695	 244.000000
       696	 250.000000
       697	 246.000000
       698	 250.000000
       699	 246.000000
       700	 250.000000
       701	 246.000000
       702	 250.000000
       703	 244.000000
       704	 250.000000
       705	 246.000000
       706	 250.000000
       707	 246.000000
       708	 250.000000
       709	 246.000000
       710	 250.000000
       711	 244.000000
       712	 250.000000
       713	 246.000000
       714	 250.000000
       715	 246.000000
       716	 250.000000
       717	 246.000000
       718	 250.000000
       719	 244.000000
       720	 250.000000
       721	 246.000000
       722	 250.000000
       723	 246.000000
       724	 250.000000
       725	 246.000000
       726	 250.000000
       727	 244.000000
       728	 250.000000
       729	 246.000000
       730	 250.000000
       731	 246.000000
       732	 250.000000
       733	 246.000000
       734	 250.000000
       735	 244.000000
       736	 250.000000
       737	 246.000000
       738	 250.000000
       739	 246.000000
       740	 250.000000
       741	 246.000000
       742	 250.000000
       743	 244.000000
       744	 250.000000
       745	 246.000000
       746	 250.000000
       747	 246.000000
       748	 250.000000
       749	 246.000000
       750	 250.000000
       751	 244.000000
       752	 250.000000
       753	 246.000000
       754	 250.000000
       755	 246.000000
       756	 250.000000
       757	 246.000000
       758	 250.000000
       759	 244.000000
       760	 250.000000
       761	 246.000000
       762	 250.000000
       763	 246.000000
       764	 250.000000
       765	 246.000000
       766	 250.000000
       767	 244.000000
       768	 250.000000
       769	 478.000000
       770	 250.000000
       771	 246.000000
       772	 250.000000
       773	 246.000000
       774	 250.000000
       775	 244.000000
       776	 250.000000
       777	 478.000000
       778	 250.000000
       779	 246.000000
       780	 250.000000
       781	 246.000000
       782	 250.000000
       783	 244.000000
       784	 250.000000
       785	 478.000000
       786	 250.000000
       787	 246.000000
       788	 250.000000
       789	 246.000000
       790	 250.000000
       791	 244.000000
       792	 250.000000
       793	 478.000000
       794	 250.000000
       795	 246.000000
       796	 250.000000
       797	 246.000000
       798	 250.000000
       799	 244.000000
       800	 250.000000
       801	 246.000000
       802	 250.000000
       803	 246.000000
       804	 250.000000
       805	 246.000000
       806	 250.000000
       807	 244.000000
       808	 250.000000
       809	 246.000000
       810	 250.000000
       811	 246.000000
       812	 250.000000
       813	 246.000000
       814	 250.000000
       815	 244.000000
       816	 250.000000
       817	 246.000000
       818	 250.000000
       819	 246.000000
       820	 250.000000
       821	 246.000000
       822	 250.000000
       823	 244.000000
       824	 250.000000
       825	 246.000000
       826	 250.000000
       827	 246.000000
       828	 250.000000
       829	 246.000000
       830	 250.000000
       831	 244.000000
       832	 250.000000
       833	 246.000000
       834	 250.000000
       835	 246.000000
       836	 250.000000
       837	 246.000000
       838	 250.000000
       839	 244.000000
       840	 250.000000
       841	 246.000000
       842	 250.000000
       843	 246.000000
       844	 250.000000
       845	 246.000000
       846	 250.000000
       847	 244.000000
       848	 250.000000
       849	 246.000000
       850	 250.000000
       851	 246.000000
       852	 250.000000
       853	 246.000000
       854	 250.000000
       855	 244.000000
       856	 250.000000
       857	 246.000000
       858	 250.000000
       859	 246.000000
       860	 250.000000
       861	 246.000000
       862	 250.000000
       863	 244.000000
       864	 250.000000
       865	 246.000000
       866	 250.000000
       867	 246.000000
       868	 250.000000
       869	 246.000000
       870	 250.000000
       871	 244.000000
       872	 250.000000
       873	 246.000000
       874	 250.000000
       875	 246.000000
       876	 250.000000
       877	 246.000000
       878	 250.000000
       879	 244.000000
       880	 250.000000
       881	 246.000000
       882	 250.000000
       883	 246.000000
       884	 250.000000
       885	 246.000000
       886	 250.000000
       887	 244.000000
       888	 250.000000
       889	 246.000000
       890	 250.000000
       891	 246.000000
       892	 250.000000
       893	 246.000000
       894	 250.000000
       895	 244.000000
       896	 250.000000
       897	 470.000000
       898	 250.000000
       899	 246.000000
       900	 250.000000
       901	 246.000000
       902	 250.000000
       903	 244.000000
       904	 250.000000
       905	 472.000000
       906	 250.000000
       907	 246.000000
       908	 250.000000
       909	 246.000000
       910	 250.000000
       911	 244.000000
       912	 250.000000
       913	 470.000000
       914	 250.000000
       915	 246.000000
       916	 250.000000
       917	 246.000000
       918	 250.000000
       919	 244.000000
       920	 250.000000
       921	 472.000000
       922	 250.000000
       923	 246.000000
       924	 250.000000
       925	 246.000000
       926	 250.000000
       927	 244.000000
       928	 250.000000
       929	 246.000000
       930	 250.000000
       931	 246.000000
       932	 250.000000
       933	 246.000000
       934	 250.000000
       935	 244.000000
       936	 250.000000
       937	 246.000000
       938	 250.000000
       939	 246.000000
       940	 250.000000
       941	 246.000000
       942	 250.000000
       943	 244.000000
       944	 250.000000
       945	 246.000000
       946	 250.000000
       947	 246.000000
       948	 250.000000
       949	 246.000000
       950	 250.000000
       951	 244.000000
       952	 250.000000
       953	 246.000000
       954	 250.000000
       955	 246.000000
       956	 250.000000
       957	 246.000000
       958	 250.000000
       959	 244.000000
       960	 250.000000
       961	 246.000000
       962	 250.000000
       963	 246.000000
       964	 250.000000
       965	 246.000000
       966	 250.000000
       967	 244.000000
       968	 250.000000
       969	 246.000000
       970	 250.000000
       971	 246.000000
       972	 250.000000
       973	 246.000000
       974	 250.000000
       975	 244.000000
       976	 250.000000
       977	 246.000000
       978	 250.000000
       979	 246.000000
       980	 250.000000
       981	 246.000000
       982	 250.000000
       983	 244.000000
       984	 250.000000
       985	 246.000000
       986	 250.000000
       987	 246.000000
       988	 250.000000
       989	 246.000000
       990	 250.000000
       991	 244.000000
       992	 250.000000
       993	 246.000000
       994	 250.000000
       995	 246.000000
       996	 250.000000
       997	 246.000000
       998	 250.000000
       999	 244.000000
      1000	 250.000000
      1001	 246.000000
      1002	 250.000000
      1003	 246.000000
      1004	 250.000000
      1005	 246.000000
      1006	 250.000000
      1007	 244.000000
      1008	 250.000000
      1009	 246.000000
      1010	 250.000000
      1011	 246.000000
      1012	 250.000000
      1013	 246.000000
      1014	 250.000000
      1015	 244.000000
      1016	 250.000000
      1017	 246.000000
      1018	 250.000000
      1019	 246.000000
      1020	 250.000000
      1021	 246.000000
      1022	 250.000000
      1023	 244.000000
      1024	 250.000000
      1025	 484.000000
      1026	 250.000000
      1027	 246.000000
      1028	 250.000000
      1029	 246.000000
      1030	 250.000000
      1031	 244.000000
      1032	 250.000000
      1033	 484.000000
      1034	 250.000000
      1035	 246.000000
      1036	 250.000000
      1037	 246.000000
      1038	 250.000000
      1039	 244.000000
      1040	 250.000000
      1041	 484.000000
      1042	 250.000000
      1043	 246.000000
      1044	 250.000000
      1045	 246.000000
      1046	 250.000000
      1047	 244.000000
      1048	 250.000000
      1049	 484.000000
      1050	 250.000000
      1051	 246.000000
      1052	 250.000000
      1053	 246.000000
      1054	 250.000000
      1055	 244.000000
      1056	 250.000000
      1057	 246.000000
      1058	 250.000000
      1059	 246.000000
      1060	 250.000000
      1061	 246.000000
      1062	 250.000000
      1063	 244.000000
      1064	 250.000000
      1065	 246.000000
      1066	 250.000000
      1067	 246.000000
      1068	 250.000000
      1069	 246.000000
      1070	 250.000000
      1071	 244.000000
      1072	 250.000000
      1073	 246.000000
      1074	 250.000000
      1075	 246.000000
      1076	 250.000000
      1077	 246.000000
      1078	 250.000000
      1079	 244.000000
      1080	 250.000000
      1081	 246.000000
      1082	 250.000000
      1083	 246.000000
      1084	 250.000000
      1085	 246.000000
      1086	 250.000000
      1087	 244.000000
      1088	 250.000000
      1089	 246.000000
      1090	 250.000000
      1091	 246.000000
      1092	 250.000000
      1093	 246.000000
      1094	 250.000000
      1095	 244.000000
      1096	 250.000000
      1097	 246.000000
      1098	 250.000000
      1099	 246.000000
      1100	 250.000000
      1101	 246.000000
      1102	 250.000000
      1103	 244.000000
      1104	 250.000000
      1105	 246.000000
      1106	 250.000000
      1107	 246.000000
      1108	 250.000000
      1109	 246.000000
      1110	 250.000000
      1111	 244.000000
      1112	 250.000000
      1113	 246.000000
      1114	 250.000000
      1115	 246.000000
      1116	 250.000000
      1117	 246.000000
      1118	 250.000000
      1119	 244.000000
      1120	 250.000000
      1121	 246.000000
      1122	 250.000000
      1123	 246.000000
      1124	 250.000000
      1125	 246.000000
      1126	 250.000000
      1127	 244.000000
      1128	 250.000000
      1129	 246.000000
      1130	 250.000000
      1131	 246.000000
      1132	 250.000000
      1133	 246.000000
      1134	 250.000000
      1135	 244.000000
      1136	 250.000000
      1137	 246.000000
      1138	 250.000000
      1139	 246.000000
      1140	 250.000000
      1141	 246.000000
      1142	 250.000000
      1143	 244.000000
      1144	 250.000000
      1145	 246.000000
      1146	 250.000000
      1147	 246.000000
      1148	 250.000000
      1149	 246.000000
      1150	 250.000000
      1151	 244.000000
      1152	 250.000000
      1153	 482.000000
      1154	 250.000000
      1155	 246.000000
      1156	 250.000000
      1157	 246.000000
      1158	 250.000000
      1159	 244.000000
      1160	 250.000000
      1161	 482.000000
      1162	 250.000000
      1163	 246.000000
      1164	 250.000000
      1165	 246.000000
      1166	 250.000000
      1167	 244.000000
      1168	 250.000000
      1169	 482.000000
      1170	 250.000000
      1171	 246.000000
      1172	 250.000000
      1173	 246.000000
      1174	 250.000000
      1175	 244.000000
      1176	 250.000000
      1177	 482.000000
      1178	 250.000000
      1179	 246.000000
      1180	 250.000000
      1181	 246.000000
      1182	 250.000000
      1183	 244.000000
      1184	 250.000000
      1185	 246.000000
      1186	 250.000000
      1187	 246.000000
      1188	 250.000000
      1189	 246.000000
      1190	 250.000000
      1191	 244.000000
      1192	 250.000000
      1193	 246.000000
      1194	 250.000000
      1195	 246.000000
      1196	 250.000000
      1197	 246.000000
      1198	 250.000000
      1199	 244.000000
      1200	 250.000000
      1201	 246.000000
      1202	 250.000000
      1203	 246.000000
      1204	 250.000000
      1205	 246.000000
      1206	 250.000000
      1207	 244.000000
      1208	 250.000000
      1209	 246.000000
      1210	 250.000000
      1211	 246.000000
      1212	 250.000000
      1213	 246.000000
      1214	 250.000000
      1215	 244.000000
      1216	 250.000000
      1217	 246.000000
      1218	 250.000000
      1219	 246.000000
      1220	 250.000000
      1221	 246.000000
      1222	 250.000000
      1223	 244.000000
      1224	 250.000000
      1225	 246.000000
      1226	 250.000000
      1227	 246.000000
      1228	 250.000000
      1229	 246.000000
      1230	 250.000000
      1231	 244.000000
      1232	 250.000000
      1233	 246.000000
      1234	 250.000000
      1235	 246.000000
      1236	 250.000000
      1237	 246.000000
      1238	 250.000000
      1239	 244.000000
      1240	 250.000000
      1241	 246.000000
      1242	 250.000000
      1243	 246.000000
      1244	 250.000000
      1245	 246.000000
      1246	 250.000000
      1247	 244.000000
      1248	 250.000000
      1249	 246.000000
      1250	 250.000000
      1251	 246.000000
      1252	 250.000000
      1253	 246.000000
      1254	 250.000000
      1255	 244.000000
      1256	 250.000000
      1257	 246.000000
      1258	 250.000000
      1259	 246.000000
      1260	 250.000000
      1261	 246.000000
      1262	 250.000000
      1263	 244.000000
      1264	 250.000000
      1265	 246.000000
      1266	 250.000000
      1267	 246.000000
      1268	 250.000000
      1269	 246.000000
      1270	 250.000000
      1271	 244.000000
      1272	 250.000000
      1273	 246.000000
      1274	 250.000000
      1275	 246.000000
      1276	 250.000000
      1277	 246.000000
      1278	 250.000000
      1279	 244.000000
      1280	 250.000000
      1281	 476.000000
      1282	 250.000000
      1283	 246.000000
      1284	 250.000000
      1285	 246.000000
      1286	 250.000000
      1287	 244.000000
      1288	 250.000000
      1289	 474.000000
      1290	 250.000000
      1291	 246.000000
      1292	 250.000000
      1293	 246.000000
      1294	 250.000000
      1295	 244.000000
      1296	 250.000000
      1297	 474.000000
      1298	 250.000000
      1299	 246.000000
      1300	 250.000000
      1301	 246.000000
      1302	 250.000000
      1303	 244.000000
      1304	 250.000000
      1305	 476.000000
      1306	 250.000000
      1307	 246.000000
      1308	 250.000000
      1309	 246.000000
      1310	 250.000000
      1311	 244.000000
      1312	 250.000000
      1313	 246.000000
      1314	 250.000000
      1315	 246.000000
      1316	 250.000000
      1317	 246.000000
      1318	 250.000000
      1319	 244.000000
      1320	 250.000000
      1321	 246.000000
      1322	 250.000000
      1323	 246.000000
      1324	 250.000000
      1325	 246.000000
      1326	 250.000000
      1327	 244.000000
      1328	 250.000000
      1329	 246.000000
      1330	 250.000000
      1331	 246.000000
      1332	 250.000000
      1333	 246.000000
      1334	 250.000000
      1335	 244.000000
      1336	 250.000000
      1337	 246.000000
      1338	 250.000000
      1339	 246.000000
      1340	 250.000000
      1341	 246.000000
      1342	 250.000000
      1343	 244.000000
      1344	 250.000000
      1345	 246.000000
      1346	 250.000000
      1347	 246.000000
      1348	 250.000000
      1349	 246.000000
      1350	 250.000000
      1351	 244.000000
      1352	 250.000000
      1353	 246.000000
      1354	 250.000000
      1355	 246.000000
      1356	 250.000000
      1357	 246.000000
      1358	 250.000000
      1359	 244.000000
      1360	 250.000000
      1361	 246.000000
      1362	 250.000000
      1363	 246.000000
      1364	 250.000000
      1365	 246.000000
      1366	 250.000000
      1367	 244.000000
      1368	 250.000000
      1369	 246.000000
      1370	 250.000000
      1371	 246.000000
      1372	 250.000000
      1373	 246.000000
      1374	 250.000000
      1375	 244.000000
      1376	 250.000000
      1377	 246.000000
      1378	 250.000000
      1379	 246.000000
      1380	 250.000000
      1381	 246.000000
      1382	 250.000000
      1383	 244.000000
      1384	 250.000000
      1385	 246.000000
      1386	 250.000000
      1387	 246.000000
      1388	 250.000000
      1389	 246.000000
      1390	 250.000000
      1391	 244.000000
      1392	 250.000000
      1393	 246.000000
      1394	 250.000000
      1395	 246.000000
      1396	 250.000000
      1397	 246.000000
      1398	 250.000000
      1399	 244.000000
      1400	 250.000000
      1401	 246.000000
      1402	 250.000000
      1403	 246.000000
      1404	 250.000000
      1405	 246.000000
      1406	 250.000000
      1407	 244.000000
      1408	 250.000000
      1409	 478.000000
      1410	 250.000000
      1411	 246.000000
      1412	 250.000000
      1413	 246.000000
      1414	 250.000000
      1415	 244.000000
      1416	 250.000000
      1417	 478.000000
      1418	 250.000000
      1419	 246.000000
      1420	 250.000000
      1421	 246.000000
      1422	 250.000000
      1423	 244.000000
      1424	 250.000000
      1425	 480.000000
      1426	 250.000000
      1427	 246.000000
      1428	 250.000000
      1429	 246.000000
      1430	 250.000000
      1431	 244.000000
      1432	 250.000000
      1433	 478.000000
      1434	 250.000000
      1435	 246.000000
      1436	 250.000000
      1437	 246.000000
      1438	 250.000000
      1439	 244.000000
      1440	 250.000000
      1441	 246.000000
      1442	 250.000000
      1443	 246.000000
      1444	 250.000000
      1445	 246.000000
      1446	 250.000000
      1447	 244.000000
      1448	 250.000000
      1449	 246.000000
      1450	 250.000000
      1451	 246.000000
      1452	 250.000000
      1453	 246.000000
      1454	 250.000000
      1455	 244.000000
      1456	 250.000000
      1457	 246.000000
      1458	 250.000000
      1459	 246.000000
      1460	 250.000000
      1461	 246.000000
      1462	 250.000000
      1463	 244.000000
      1464	 250.000000
      1465	 246.000000
      1466	 250.000000
      1467	 246.000000
      1468	 250.000000
      1469	 246.000000
      1470	 250.000000
      1471	 244.000000
      1472	 250.000000
      1473	 246.000000
      1474	 250.000000
      1475	 246.000000
      1476	 250.000000
      1477	 246.000000
      1478	 250.000000
      1479	 244.000000
      1480	 250.000000
      1481	 246.000000
      1482	 250.000000
      1483	 246.000000
      1484	 250.000000
      1485	 246.000000
      1486	 250.000000
      1487	 244.000000
      1488	 250.000000
      1489	 246.000000
      1490	 250.000000
      1491	 246.000000
      1492	 250.000000
      1493	 246.000000
      1494	 250.000000
      1495	 244.000000
      1496	 250.000000
      1497	 246.000000
      1498	 250.000000
      1499	 246.000000
      1500	 250.000000
      1501	 246.000000
      1502	 250.000000
      1503	 244.000000
      1504	 250.000000
      1505	 246.000000
      1506	 250.000000
      1507	 246.000000
      1508	 250.000000
      1509	 246.000000
      1510	 250.000000
      1511	 244.000000
      1512	 250.000000
      1513	 246.000000
      1514	 250.000000
      1515	 246.000000
      1516	 250.000000
      1517	 246.000000
      1518	 250.000000
      1519	 244.000000
      1520	 250.000000
      1521	 246.000000
      1522	 250.000000
      1523	 246.000000
      1524	 250.000000
      1525	 246.000000
      1526	 250.000000
      1527	 244.000000
      1528	 250.000000
      1529	 246.000000
      1530	 250.000000
      1531	 246.000000
      1532	 250.000000
      1533	 246.000000
      1534	 250.000000
      1535	 244.000000
      1536	 250.000000
      1537	 482.000000
      1538	 250.000000
      1539	 246.000000
      1540	 250.000000
      1541	 246.000000
      1542	 250.000000
      1543	 244.000000
      1544	 250.000000
      1545	 482.000000
      1546	 250.000000
      1547	 246.000000
      1548	 250.000000
      1549	 246.000000
      1550	 250.000000
      1551	 244.000000
      1552	 250.000000
      1553	 482.000000
      1554	 250.000000
      1555	 246.000000
      1556	 250.000000
      1557	 246.000000
      1558	 250.000000
      1559	 244.000000
      1560	 250.000000
      1561	 482.000000
      1562	 250.000000
      1563	 246.000000
      1564	 250.000000
      1565	 246.000000
      1566	 250.000000
      1567	 244.000000
      1568	 250.000000
      1569	 246.000000
      1570	 250.000000
      1571	 246.000000
      1572	 250.000000
      1573	 246.000000
      1574	 250.000000
      1575	 244.000000
      1576	 250.000000
      1577	 246.000000
      1578	 250.000000
      1579	 246.000000
      1580	 250.000000
      1581	 246.000000
      1582	 250.000000
      1583	 244.000000
      1584	 250.000000
      1585	 246.000000
      1586	 250.000000
      1587	 246.000000
      1588	 250.000000
      1589	 246.000000
      1590	 250.000000
      1591	 244.000000
      1592	 250.000000
      1593	 246.000000
      1594	 250.000000
      1595	 246.000000
      1596	 250.000000
      1597	 246.000000
      1598	 250.000000
      1599	 244.000000
      1600	 250.000000
      1601	 246.000000
      1602	 250.000000
      1603	 246.000000
      1604	 250.000000
      1605	 246.000000
      1606	 250.000000
      1607	 244.000000
      1608	 250.000000
      1609	 246.000000
      1610	 250.000000
      1611	 246.000000
      1612	 250.000000
      1613	 246.000000
      1614	 250.000000
      1615	 244.000000
      1616	 250.000000
      1617	 246.000000
      1618	 250.000000
      1619	 246.000000
      1620	 250.000000
      1621	 246.000000
      1622	 250.000000
      1623	 244.000000
      1624	 250.000000
      1625	 246.000000
      1626	 250.000000
      1627	 246.000000
      1628	 250.000000
      1629	 246.000000
      1630	 250.000000
      1631	 244.000000
      1632	 250.000000
      1633	 246.000000
      1634	 250.000000
      1635	 246.000000
      1636	 250.000000
      1637	 246.000000
      1638	 250.000000
      1639	 244.000000
      1640	 250.000000
      1641	 246.000000
      1642	 250.000000
      1643	 246.000000
      1644	 250.000000
      1645	 246.000000
      1646	 250.000000
      1647	 244.000000
      1648	 250.000000
      1649	 246.000000
      1650	 250.000000
      1651	 246.000000
      1652	 250.000000
      1653	 246.000000
      1654	 250.000000
      1655	 244.000000
      1656	 250.000000
      1657	 246.000000
      1658	 250.000000
      1659	 246.000000
      1660	 250.000000
      1661	 246.000000
      1662	 250.000000
      1663	 244.000000
      1664	 250.000000
      1665	 476.000000
      1666	 250.000000
      1667	 246.000000
      1668	 250.000000
      1669	 246.000000
      1670	 250.000000
      1671	 244.000000
      1672	 250.000000
      1673	 474.000000
      1674	 250.000000
      1675	 246.000000
      1676	 250.000000
      1677	 246.000000
      1678	 250.000000
      1679	 244.000000
      1680	 250.000000
      1681	 474.000000
      1682	 250.000000
      1683	 246.000000
      1684	 250.000000
      1685	 246.000000
      1686	 250.000000
      1687	 244.000000
      1688	 250.000000
      1689	 476.000000
      1690	 250.000000
      1691	 246.000000
      1692	 250.000000
      1693	 246.000000
      1694	 250.000000
      1695	 244.000000
      1696	 250.000000
      1697	 246.000000
      1698	 250.000000
      1699	 246.000000
      1700	 250.000000
      1701	 246.000000
      1702	 250.000000
      1703	 244.000000
      1704	 250.000000
      1705	 246.000000
      1706	 250.000000
      1707	 246.000000
      1708	 250.000000
      1709	 246.000000
      1710	 250.000000
      1711	 244.000000
      1712	 250.000000
      1713	 246.000000
      1714	 250.000000
      1715	 246.000000
      1716	 250.000000
      1717	 246.000000
      1718	 250.000000
      1719	 244.000000
      1720	 250.000000
      1721	 246.000000
      1722	 250.000000
      1723	 246.000000
      1724	 250.000000
      1725	 246.000000
      1726	 250.000000
      1727	 244.000000
      1728	 250.000000
      1729	 246.000000
      1730	 250.000000
      1731	 246.000000
      1732	 250.000000
      1733	 246.000000
      1734	 250.000000
      1735	 244.000000
      1736	 250.000000
      1737	 246.000000
      1738	 250.000000
      1739	 246.000000
      1740	 250.000000
      1741	 246.000000
      1742	 250.000000
      1743	 244.000000
      1744	 250.000000
      1745	 246.000000
      1746	 250.000000
      1747	 246.000000
      1748	 250.000000
      1749	 246.000000
      1750	 250.000000
      1751	 244.000000
      1752	 250.000000
      1753	 246.000000
      1754	 250.000000
      1755	 246.000000
      1756	 250.000000
      1757	 246.000000
      1758	 250.000000
      1759	 244.000000
      1760	 250.000000
      1761	 246.000000
      1762	 250.000000
      1763	 246.000000
      1764	 250.000000
      1765	 246.000000
      1766	 250.000000
      1767	 244.000000
      1768	 250.000000
      1769	 246.000000
      1770	 250.000000
      1771	 246.000000
      1772	 250.000000
      1773	 246.000000
      1774	 250.000000
      1775	 244.000000
      1776	 250.000000
      1777	 246.000000
      1778	 250.000000
      1779	 246.000000
      1780	 250.000000
      1781	 246.000000
      1782	 250.000000
      1783	 244.000000
      1784	 250.000000
      1785	 246.000000
      1786	 250.000000
      1787	 246.000000
      1788	 250.000000
      1789	 246.000000
      1790	 250.000000
      1791	 244.000000
      1792	 250.000000
      1793	 482.000000
      1794	 250.000000
      1795	 246.000000
      1796	 250.000000
      1797	 246.000000
      1798	 250.000000
      1799	 244.000000
      1800	 250.000000
      1801	 478.000000
      1802	 250.000000
      1803	 246.000000
      1804	 250.000000
      1805	 246.000000
      1806	 250.000000
      1807	 244.000000
      1808	 250.000000
      1809	 478.000000
      1810	 250.000000
      1811	 246.000000
      1812	 250.000000
      1813	 246.000000
      1814	 250.000000
      1815	 244.000000
      1816	 250.000000
      1817	 478.000000
      1818	 250.000000
      1819	 246.000000
      1820	 250.000000
      1821	 246.000000
      1822	 250.000000
      1823	 244.000000
      1824	 250.000000
      1825	 246.000000
      1826	 250.000000
      1827	 246.000000
      1828	 250.000000
      1829	 246.000000
      1830	 250.000000
      1831	 244.000000
      1832	 250.000000
      1833	 246.000000
      1834	 250.000000
      1835	 246.000000
      1836	 250.000000
      1837	 246.000000
      1838	 250.000000
      1839	 244.000000
      1840	 250.000000
      1841	 246.000000
      1842	 250.000000
      1843	 246.000000
      1844	 250.000000
      1845	 246.000000
      1846	 250.000000
      1847	 244.000000
      1848	 250.000000
      1849	 246.000000
      1850	 250.000000
      1851	 246.000000
      1852	 250.000000
      1853	 246.000000
      1854	 250.000000
      1855	 244.000000
      1856	 250.000000
      1857	 246.000000
      1858	 250.000000
      1859	 246.000000
      1860	 250.000000
      1861	 246.000000
      1862	 250.000000
      1863	 244.000000
      1864	 250.000000
      1865	 246.000000
      1866	 250.000000
      1867	 246.000000
      1868	 250.000000
      1869	 246.000000
      1870	 250.000000
      1871	 244.000000
      1872	 250.000000
      1873	 246.000000
      1874	 250.000000
      1875	 246.000000
      1876	 250.000000
      1877	 246.000000
      1878	 250.000000
      1879	 244.000000
      1880	 250.000000
      1881	 246.000000
      1882	 250.000000
      1883	 246.000000
      1884	 250.000000
      1885	 246.000000
      1886	 250.000000
      1887	 244.000000
      1888	 250.000000
      1889	 246.000000
      1890	 250.000000
      1891	 246.000000
      1892	 250.000000
      1893	 246.000000
      1894	 250.000000
      1895	 244.000000
      1896	 250.000000
      1897	 246.000000
      1898	 250.000000
      1899	 246.000000
      1900	 250.000000
      1901	 246.000000
      1902	 250.000000
      1903	 244.000000
      1904	 250.000000
      1905	 246.000000
      1906	 250.000000
      1907	 246.000000
      1908	 250.000000
      1909	 246.000000
      1910	 250.000000
      1911	 244.000000
      1912	 250.000000
      1913	 246.000000
      1914	 250.000000
      1915	 246.000000
      1916	 250.000000
      1917	 246.000000
      1918	 250.000000
      1919	 244.000000
      1920	 250.000000
      1921	 484.000000
      1922	 250.000000
      1923	 246.000000
      1924	 250.000000
      1925	 246.000000
      1926	 250.000000
      1927	 244.000000
      1928	 250.000000
      1929	 484.000000
      1930	 250.000000
      1931	 246.000000
      1932	 250.000000
      1933	 246.000000
      1934	 250.000000
      1935	 244.000000
      1936	 250.000000
      1937	 484.000000
      1938	 250.000000
      1939	 246.000000
      1940	 250.000000
      1941	 246.000000
      1942	 250.000000
      1943	 244.000000
      1944	 250.000000
      1945	 484.000000
      1946	 250.000000
      1947	 246.000000
      1948	 250.000000
      1949	 246.000000
      1950	 250.000000
      1951	 244.000000
      1952	 250.000000
      1953	 246.000000
      1954	 250.000000
      1955	 246.000000
      1956	 250.000000
      1957	 246.000000
      1958	 250.000000
      1959	 244.000000
      1960	 250.000000
      1961	 246.000000
      1962	 250.000000
      1963	 246.000000
      1964	 250.000000
      1965	 246.000000
      1966	 250.000000
      1967	 244.000000
      1968	 250.000000
      1969	 246.000000
      1970	 250.000000
      1971	 246.000000
      1972	 250.000000
      1973	 246.000000
      1974	 250.000000
      1975	 244.000000
      1976	 250.000000
      1977	 246.000000
      1978	 250.000000
      1979	 246.000000
      1980	 250.000000
      1981	 246.000000
      1982	 250.000000
      1983	 244.000000
      1984	 250.000000
      1985	 246.000000
      1986	 250.000000
      1987	 246.000000
      1988	 250.000000
      1989	 246.000000
      1990	 250.000000
      1991	 244.000000
      1992	 250.000000
      1993	 246.000000
      1994	 250.000000
      1995	 246.000000
      1996	 250.000000
      1997	 246.000000
      1998	 250.000000
      1999	 244.000000
      2000	 250.000000
      2001	 246.000000
      2002	 250.000000
      2003	 246.000000
      2004	 250.000000
      2005	 246.000000
      2006	 250.000000
      2007	 244.000000
      2008	 250.000000
      2009	 246.000000
      2010	 250.000000
      2011	 246.000000
      2012	 250.000000
      2013	 246.000000
      2014	 250.000000
      2015	 244.000000
      2016	 250.000000
      2017	 246.000000
      2018	 250.000000
      2019	 246.000000
      2020	 250.000000
      2021	 246.000000
      2022	 250.000000
      2023	 244.000000
      2024	 250.000000
      2025	 246.000000
      2026	 250.000000
      2027	 246.000000
      2028	 250.000000
      2029	 246.000000
      2030	 250.000000
      2031	 244.000000
      2032	 250.000000
      2033	 246.000000
      2034	 250.000000
      2035	 246.000000
      2036	 250.000000
      2037	 246.000000
      2038	 250.000000
      2039	 244.000000
      2040	 250.000000
      2041	 246.000000
      2042	 250.000000
      2043	 246.000000
      2044	 250.000000
      2045	 246.000000
      2046	 250.000000
